fMobile, fAmount, fEventTime, fLoginStatus, fCertNo
1332123,4,1734753904182,0,43200601010002xxx1
1332123,6,1734753904182,0,43200601010002xxx1
1332123,7,1734753904182,0,43200601010002xxx1
1332123,3,1734753904182,0,43200601010002xxx1
1332123,1,1734753904182,0,43200601010002xxx1
1332123,6,1734753904182,0,43200601010002xxx1
1332123,2,1734753904182,0,43200601010002xxx1
1332123,8,1734753904182,0,43200601010002xxx1
1332123,3,1734753904182,0,43200601010002xxx1
1332123,4,1734753904182,0,43200601010002xxx1
1332123,5,1734753904182,0,43200601010002xxx1
1332123,7,1734753904182,0,43200601010002xxx1
1332123,8,1734753904182,0,43200601010002xxx1
1332123,7,1734753904182,0,43200601010002xxx1
1332123,0,1734753904182,0,43200601010002xxx1
1332123,7,1734753904182,0,43200601010002xxx1
1332123,6,1734753904182,0,43200601010002xxx1
1332123,3,1734753904182,0,43200601010002xxx1
1332123,3,1734753904182,0,43200601010002xxx1
1332123,1,1734753904182,0,43200601010002xxx1
1332123,8,1734753904182,0,43200601010002xxx1
1332123,5,1734753904182,0,43200601010002xxx1
1332123,3,1734753904182,0,43200601010002xxx1
1332123,6,1734753904182,0,43200601010002xxx1
1332123,1,1734753904182,0,43200601010002xxx1
1332123,8,1734753904182,0,43200601010002xxx1
1332123,6,1734753904182,0,43200601010002xxx1
1332123,1,1734753904182,0,43200601010002xxx1
1332123,0,1734753904182,0,43200601010002xxx1
1332123,5,1734753904182,0,43200601010002xxx1
1332123,8,1734753904182,0,43200601010002xxx1
1332123,0,1734753904182,0,43200601010002xxx1
1332123,0,1734753904182,0,43200601010002xxx1
1332123,2,1734753904182,0,43200601010002xxx1
1332123,4,1734753904182,0,43200601010002xxx1
1332123,3,1734753904182,0,43200601010002xxx1
1332123,4,1734753904182,0,43200601010002xxx1
1332123,4,1734753904182,0,43200601010002xxx1
1332123,7,1734753904182,0,43200601010002xxx1
1332123,2,1734753904182,0,43200601010002xxx1
1332123,9,1734753904182,0,43200601010002xxx1
1332123,8,1734753904182,0,43200601010002xxx1
1332123,3,1734753904182,0,43200601010002xxx1
1332123,1,1734753904182,0,43200601010002xxx1
1332123,8,1734753904182,0,43200601010002xxx1
1332123,7,1734753904182,0,43200601010002xxx1
1332123,9,1734753904182,0,43200601010002xxx1
1332123,4,1734753904182,0,43200601010002xxx1
1332123,2,1734753904182,0,43200601010002xxx1
1332123,4,1734753904182,0,43200601010002xxx1
1332123,0,1734753904182,0,43200601010002xxx1
1332123,8,1734753904182,0,43200601010002xxx1
1332123,8,1734753904182,0,43200601010002xxx1
1332123,5,1734753904182,0,43200601010002xxx1
1332123,0,1734753904182,0,43200601010002xxx1
1332123,1,1734753904182,0,43200601010002xxx1
1332123,2,1734753904182,0,43200601010002xxx1
1332123,2,1734753904182,0,43200601010002xxx1
1332123,4,1734753904182,0,43200601010002xxx1
1332123,0,1734753904182,0,43200601010002xxx1
1332123,4,1734753904182,0,43200601010002xxx1
1332123,2,1734753904182,0,43200601010002xxx1
1332123,9,1734753904182,0,43200601010002xxx1
1332123,6,1734753904182,0,43200601010002xxx1
1332123,9,1734753904182,0,43200601010002xxx1
1332123,0,1734753904183,0,43200601010002xxx1
1332123,8,1734753904183,0,43200601010002xxx1
1332123,3,1734753904183,0,43200601010002xxx1
1332123,7,1734753904183,0,43200601010002xxx1
1332123,1,1734753904183,0,43200601010002xxx1
1332123,8,1734753904183,0,43200601010002xxx1
1332123,9,1734753904183,0,43200601010002xxx1
1332123,4,1734753904183,0,43200601010002xxx1
1332123,9,1734753904183,0,43200601010002xxx1
1332123,0,1734753904183,0,43200601010002xxx1

