fMobile, fAmount, fEventTime, fStatus, fCertNo
1332123,1,1734753904164,0,43200601010002xxx0
1332123,3,1734753904164,0,43200601010002xxx0
1332123,8,1734753904164,0,43200601010002xxx0
1332123,4,1734753904164,0,43200601010002xxx0
1332123,6,1734753904164,0,43200601010002xxx0
1332123,3,1734753904164,0,43200601010002xxx0
1332123,7,1734753904164,0,43200601010002xxx0
1332123,0,1734753904164,0,43200601010002xxx0
1332123,6,1734753904164,0,43200601010002xxx0
1332123,6,1734753904164,0,43200601010002xxx0
1332123,1,1734753904164,0,43200601010002xxx0
1332123,5,1734753904164,0,43200601010002xxx0
1332123,1,1734753904164,0,43200601010002xxx0
1332123,1,1734753904164,0,43200601010002xxx0
1332123,7,1734753904164,0,43200601010002xxx0
1332123,2,1734753904164,0,43200601010002xxx0
1332123,8,1734753904164,0,43200601010002xxx0
1332123,4,1734753904164,0,43200601010002xxx0
1332123,3,1734753904164,0,43200601010002xxx0
1332123,8,1734753904164,0,43200601010002xxx0
1332123,4,1734753904164,0,43200601010002xxx0
1332123,3,1734753904164,0,43200601010002xxx0
1332123,1,1734753904164,0,43200601010002xxx0
1332123,3,1734753904164,0,43200601010002xxx0
1332123,1,1734753904164,0,43200601010002xxx0
1332123,1,1734753904164,0,43200601010002xxx0
1332123,3,1734753904164,0,43200601010002xxx0
1332123,3,1734753904164,0,43200601010002xxx0
1332123,4,1734753904164,0,43200601010002xxx0
1332123,3,1734753904164,0,43200601010002xxx0
1332123,9,1734753904164,0,43200601010002xxx0
1332123,1,1734753904164,0,43200601010002xxx0
1332123,3,1734753904164,0,43200601010002xxx0
1332123,7,1734753904164,0,43200601010002xxx0
1332123,0,1734753904164,0,43200601010002xxx0
1332123,7,1734753904164,0,43200601010002xxx0
1332123,5,1734753904164,0,43200601010002xxx0
1332123,7,1734753904164,0,43200601010002xxx0
1332123,4,1734753904164,0,43200601010002xxx0
1332123,3,1734753904164,0,43200601010002xxx0
1332123,0,1734753904164,0,43200601010002xxx0
1332123,2,1734753904164,0,43200601010002xxx0
1332123,2,1734753904164,0,43200601010002xxx0
1332123,8,1734753904164,0,43200601010002xxx0
1332123,4,1734753904164,0,43200601010002xxx0
1332123,3,1734753904164,0,43200601010002xxx0
1332123,5,1734753904164,0,43200601010002xxx0
1332123,2,1734753904164,0,43200601010002xxx0
1332123,4,1734753904164,0,43200601010002xxx0
1332123,5,1734753904164,0,43200601010002xxx0
1332123,5,1734753904164,0,43200601010002xxx0
1332123,8,1734753904164,0,43200601010002xxx0
1332123,3,1734753904164,0,43200601010002xxx0
1332123,4,1734753904164,0,43200601010002xxx0
1332123,3,1734753904164,0,43200601010002xxx0
1332123,8,1734753904164,0,43200601010002xxx0
1332123,6,1734753904164,0,43200601010002xxx0
1332123,4,1734753904164,0,43200601010002xxx0
1332123,6,1734753904164,0,43200601010002xxx0
1332123,9,1734753904164,0,43200601010002xxx0
1332123,6,1734753904164,0,43200601010002xxx0
1332123,0,1734753904164,0,43200601010002xxx0
1332123,5,1734753904164,0,43200601010002xxx0
1332123,3,1734753904164,0,43200601010002xxx0
1332123,8,1734753904164,0,43200601010002xxx0
1332123,4,1734753904164,0,43200601010002xxx0
1332123,9,1734753904164,0,43200601010002xxx0
1332123,7,1734753904164,0,43200601010002xxx0
1332123,8,1734753904164,0,43200601010002xxx0
1332123,6,1734753904164,0,43200601010002xxx0
1332123,4,1734753904164,0,43200601010002xxx0
1332123,8,1734753904164,0,43200601010002xxx0
1332123,8,1734753904164,0,43200601010002xxx0
1332123,3,1734753904164,0,43200601010002xxx0
1332123,6,1734753904164,0,43200601010002xxx0
1332123,0,1734753904164,0,43200601010002xxx0
1332123,3,1734753904164,0,43200601010002xxx0
1332123,3,1734753904164,0,43200601010002xxx0
1332123,3,1734753904164,0,43200601010002xxx0
1332123,0,1734753904164,0,43200601010002xxx0
1332123,3,1734753904164,0,43200601010002xxx0
1332123,5,1734753904164,0,43200601010002xxx0
1332123,2,1734753904164,0,43200601010002xxx0
1332123,7,1734753904164,0,43200601010002xxx0
1332123,0,1734753904164,0,43200601010002xxx0
1332123,6,1734753904164,0,43200601010002xxx0
1332123,0,1734753904164,0,43200601010002xxx0
1332123,4,1734753904164,0,43200601010002xxx0
1332123,3,1734753904164,0,43200601010002xxx0
1332123,4,1734753904164,0,43200601010002xxx0
1332123,2,1734753904164,0,43200601010002xxx0
1332123,4,1734753904164,0,43200601010002xxx0
1332123,9,1734753904164,0,43200601010002xxx0
1332123,0,1734753904164,0,43200601010002xxx0
1332123,2,1734753904164,0,43200601010002xxx0
1332123,5,1734753904164,0,43200601010002xxx0
1332123,9,1734753904164,0,43200601010002xxx0
1332123,9,1734753904164,0,43200601010002xxx0
1332123,3,1734753904164,0,43200601010002xxx0
1332123,7,1734753904164,0,43200601010002xxx0
